x=4.91728
y=-3.11766
z=0
