x=4.75743
y=-3.13696
z=0
