x=4.69361
y=-3.11459
z=0
