x=4.68682
y=-3.10205
z=0
