x=4.55786
y=-3.14098
z=0
